<<<<<<< HEAD
2
3
5
8
11
12
13
17
18
21
23
24
25
26
29
30
32
34
35
38
42
43
44
45
46
47
48
49
50
51
52
53
54
55
56
57
58
59
61
62
63
64
65
66
67
69
70
71
72
73
74
75
76
78
79
80
81
82
83
84
85
86
89
90
91
92
94
96
97
99
101
102
104
106
107
111
114
116
117
123
125
126
128
131
133
139
140
141
144
149
150
152
154
157
159
161
164
166
167
168
170
172
173
176
177
179
181
182
183
184
185
189
190
191
193
194
196
197
198
199
201
202
204
206
207
209
210
211
214
216
217
219
220
221
222
226
228
229
230
232
233
235
236
238
240
241
242
243
244
245
249
251
253
254
255
256
257
260
261
263
264
273
278
279
281
283
285
288
289
290
294
295
297
299
300
305
306
309
310
312
313
315
317
318
319
320
321
322
323
324
326
327
329
330
332
334
338
340
344
346
347
349
352
353
363
364
365
366
367
369
371
376
379
382
383
387
388
389
390
391
393
394
395
396
398
399
400
401
402
404
405
406
408
409
410
412
413
414
417
418
419
420
422
423
424
426
427
428
429
430
431
437
440
442
443
446
448
449
453
454
455
457
461
464
465
466
468
470
471
475
476
477
480
481
482
483
486
488
489
490
492
495
500
501
502
503
504
505
508
509
512
513
514
515
516
517
518
519
520
521
522
524
525
526
528
529
530
531
532
533
534
535
536
538
539
543
544
546
547
549
550
551
552
553
556
558
560
562
565
568
569
570
572
573
574
575
576
577
578
579
580
583
584
585
587
588
590
591
592
595
597
599
601
602
604
606
608
610
614
615
616
617
619
621
622
623
624
625
628
630
631
632
636
637
638
640
641
642
647
648
649
650
652
653
654
655
656
658
659
660
662
664
666
669
670
671
672
675
676
678
680
681
682
683
684
685
686
687
688
689
690
692
693
696
697
700
701
702
703
704
706
707
709
710
713
715
716
717
718
721
722
726
729
730
731
734
735
738
739
740
743
744
748
750
754
755
758
759
761
762
764
766
768
769
770
771
772
773
775
776
777
778
779
780
781
782
784
786
788
789
791
795
796
798
800
802
803
806
807
808
809
810
812
813
814
817
819
821
822
825
826
827
830
831
832
834
835
837
838
839
840
841
842
843
844
845
846
847
849
850
853
854
855
858
859
860
861
867
869
870
871
872
876
877
878
879
881
884
886
887
888
889
890
891
894
896
898
900
901
902
903
905
906
907
909
912
914
915
916
919
920
921
922
923
924
926
928
930
931
932
933
934
935
936
937
939
940
941
950
951
954
955
956
959
960
961
962
963
964
966
967
968
970
975
979
980
987
989
990
992
994
1002
1003
1004
1005
1006
1007
1008
1009
1010
1011
1014
1015
1016
1017
1018
1019
1021
1022
1023
1024
1025
1027
1030
1031
1033
1035
1040
1042
1045
1046
1049
1050
1051
1052
1055
1056
1057
1058
1059
1063
1064
1065
1066
1067
1068
1070
1071
1072
1073
1074
1075
1076
1077
1078
1079
1081
1085
1086
1087
1088
1089
1090
1091
1092
1093
1094
1095
1096
1097
1098
1099
1101
1102
1103
1104
1105
1106
1107
1108
1109
1110
1111
1112
1113
1114
1115
1116
1117
1118
1119
1120
1121
1122
1123
1124
1126
1127
1128
1129
1130
1131
1132
1133
1134
1135
1136
1137
1139
1141
1142
1143
1144
1145
1146
1147
1149
1150
1151
1152
1154
1155
1157
1158
1159
1160
1161
1162
1164
1165
1166
1167
1168
1169
1171
1172
1173
1174
1175
1176
1177
1179
1180
1181
1182
1185
1186
1187
1188
1189
1190
1191
1192
1193
1194
1195
1196
1197
1199
1200
1201
1202
1204
1206
1207
1208
1209
1210
1211
1212
1214
1215
1216
1217
1218
1220
1221
1222
1223
1225
1226
1227
1228
1230
1232
1233
1235
1236
1237
1240
1241
1242
1244
1245
1246
1247
1248
1249
1250
1252
1253
1254
1256
1258
1260
1261
1262
1264
1265
1266
1267
1268
1269
1270
1271
1273
1274
1276
1277
1278
1279
1280
1281
1282
1283
1288
1289
1291
1295
1298
1299
1300
1301
1302
1303
1304
1305
1306
1307
1308
1310
1311
1313
1314
1315
1318
1319
1320
1322
1324
1325
1326
1327
1329
1330
1331
1332
1333
1334
1335
1336
1337
1338
1339
1341
1343
1347
1348
1353
1354
1356
1359
1362
1364
1367
1370
1371
1372
1373
1374
1375
1376
1377
1379
1380
1381
1382
1384
1385
1386
1388
1389
1390
1392
1393
1396
1398
1400
1401
1402
1403
1404
1405
1406
1407
1408
1409
1410
1411
1413
1414
1416
1417
1418
1419
1420
1421
1423
1424
1426
1427
1428
1429
1430
1431
1432
1433
1434
1435
1437
1438
1439
1441
1444
1445
1446
1447
1449
1451
1452
1453
1455
1457
1459
1460
1462
1463
1465
1471
1473
1475
1476
1477
1478
1479
1481
1482
1485
1486
1487
1488
1489
1490
1491
1493
1495
1496
1497
1498
1501
1503
1504
1506
1508
1509
1510
1512
1513
1514
1515
1516
1517
1518
1519
1521
1522
1523
1524
1525
1526
1527
1528
1529
1530
1531
1533
1534
1535
1536
1544
1545
1548
1550
1552
1555
1559
1560
1561
1562
1563
1564
1565
1568
1569
1570
1571
1574
1575
1576
1579
1580
1581
1582
1583
1584
1585
1587
1590
1592
1595
1597
1599
1600
1601
1602
1603
1604
1605
1606
1607
1610
1612
1614
1616
1617
1618
1621
1623
1624
1626
1630
1631
1632
1633
1634
1635
1636
1638
1642
1643
1644
1645
1646
1647
1648
1651
1652
1653
1654
1655
1656
1657
1658
1659
1660
1661
1662
1663
1664
1665
1666
1667
1668
1669
1671
1672
1673
1674
1676
1678
1679
1680
1682
1683
1684
1685
1686
1687
1688
1689
1690
1691
1692
1694
1695
1697
1698
1700
1701
1703
1704
1705
1706
1708
1710
1711
1712
1713
1714
1715
1716
1718
1719
1720
1721
1722
1723
1724
1726
1727
1728
1729
1731
1732
1734
1735
1736
1737
1738
1739
1741
1742
1743
1744
1745
1746
1747
1748
1750
1751
1752
1754
1755
1756
1757
1758
1759
1760
1761
1762
1763
1764
1766
1767
1770
1771
1772
1773
1774
1775
1776
1777
1778
1779
1780
1781
1783
1784
1785
1786
1787
1788
1789
1790
1792
1794
1795
1798
1799
1800
1801
1802
1803
1804
1805
1807
1808
1809
1810
1811
1812
1814
1815
1816
1817
1818
1819
1821
1822
1823
1824
1825
1826
1827
1828
1829
1830
1831
1833
1834
1836
1837
1838
1839
1841
1842
1843
1844
1846
1847
1848
1849
1851
1852
1853
1855
1856
1858
1859
1860
1861
1862
1865
1866
1868
1869
1870
1873
1874
1875
1876
1877
1878
1880
1881
1883
1884
1885
1886
1887
1888
1889
1891
1892
1893
1894
1895
1896
1897
1898
1900
1901
1902
1903
1904
1905
1906
1907
1908
1909
1910
1911
1914
1915
1917
1918
1919
1920
1921
1922
1923
1924
1925
1927
1928
1930
1933
1934
1935
1936
1937
1938
1939
1940
1942
1943
1944
1946
1949
1951
1952
1953
1954
1955
1956
1957
1958
1959
1960
1961
1963
1965
1966
1969
1971
1972
1974
1975
1976
1977
1979
1980
1981
1984
1985
1986
1987
1990
1992
1993
1994
1996
1997
1998
1999
2000
2001
2002
2003
2005
2006
2007
2008
2009
2011
2012
2013
2014
2015
2017
2018
2019
2020
2022
2023
2024
2025
2026
2027
2028
2029
2032
2033
2034
2035
2036
2037
2038
2039
2040
2041
2042
2043
2044
2045
2046
2047
2048
2049
2051
2052
2054
2055
2056
2057
2058
2059
2060
2062
2063
2064
2065
2066
2067
2068
2069
2070
2071
2072
2073
2074
2075
2076
2077
2079
2081
2082
2083
2084
2086
2088
2089
2093
2094
2095
2096
2098
2099
2100
2101
2102
2103
2104
2105
2109
2110
2111
2112
2113
2114
2115
2116
2117
2118
2119
2120
2121
2122
2123
2125
2126
2127
2128
2129
2130
2132
2133
2134
2135
2137
2138
2140
2141
2143
2144
2146
2147
2148
2150
2151
2152
2153
2154
2155
2156
2157
2158
2159
2161
2162
2163
2164
2165
2166
2167
2168
2169
2171
2172
2173
2175
2177
2178
2179
2180
2183
2184
2185
2186
2187
2188
2189
2190
2191
2192
2194
2195
2196
2198
2199
2200
2201
2202
2204
2205
2206
2207
2208
2209
2211
2212
2213
2214
2215
2216
2217
2218
2219
2220
2221
2222
2223
2226
2227
2229
2230
2232
2233
2234
2235
2236
2237
2238
2239
2240
2242
2243
2244
2245
2246
2247
2248
2249
2250
2252
2253
2254
2255
2256
2257
2258
2259
2260
2261
2263
2264
2265
2266
2267
2268
2269
2270
2271
2272
2273
2274
2276
2277
2279
2280
2281
2282
2284
2285
2286
2287
2288
2289
2290
2291
2293
2294
2295
2296
2297
2298
2299
2300
2301
2302
2303
2305
2306
2307
2310
2311
2312
2313
2314
2316
2317
2318
2319
2320
2321
2322
2323
2324
2325
2326
2327
2328
2329
2330
2331
2332
2333
2334
2335
2336
2337
2338
2339
2340
2341
2342
2343
2344
2345
2346
2347
2348
2349
2350
2351
2352
2353
2354
2355
2357
2358
2359
2361
2362
2363
2364
2365
2366
2367
2368
2372
2373
2374
2375
2376
2377
2378
2379
2380
2381
2382
2383
2384
2385
2386
2387
2388
2391
2393
2394
2395
2396
2397
2398
2399
2400
2401
2402
2403
2404
2405
2406
2408
2409
2410
2411
2412
2413
2414
2415
2417
2419
2420
2422
2423
2424
2425
2426
2428
2431
2433
2434
2435
2436
2437
2441
2442
2445
2446
2449
2450
2451
2452
2453
2454
2456
2457
2458
2459
2460
2462
2464
2465
2467
2468
2469
2470
2471
2473
2474
2475
2476
2477
2478
2479
2480
2482
2483
2484
2486
2487
2488
2489
2490
2491
2492
2495
2496
2497
2498
2500
2502
2503
2504
2506
2515
2522
2528
2530
2531
2532
2533
2534
2535
2536
2539
2540
2541
2542
2543
2544
2545
2547
2548
2549
2550
2551
2552
2553
2554
2555
2557
2558
2559
2560
2561
2562
2564
2565
2567
2568
2569
2570
2571
2572
2573
2574
2575
2577
2579
2581
2582
2585
2586
2587
2588
2589
2590
2591
2592
2593
2594
2595
2596
2597
2598
2601
2602
2605
2608
2609
2610
2611
2612
2614
2615
2616
2617
2619
2621
2622
2623
2624
2625
2626
2628
2630
2631
2633
2634
2636
2637
2638
2639
2640
2641
2643
2645
2646
2647
2648
2649
2650
2651
2652
2653
2655
2656
2657
2658
2659
2660
2661
2662
2663
2664
2665
2666
2667
2668
2669
2670
2673
2674
2675
2676
2678
2679
2680
2681
2682
2683
2684
2685
2686
2687
2688
2689
2690
2691
2692
2693
2694
2695
2696
2697
2698
2699
2700
2701
2702
2703
2705
2707
2708
2709
2710
2712
2713
2715
2716
2719
2720
2721
2722
2724
2725
2727
2728
2730
2731
2732
2733
2734
2735
2736
2737
2738
2740
2741
2742
2744
2745
2746
2748
2749
2750
2752
2754
2755
2757
2758
2761
2763
2764
2765
2766
2767
2770
2771
2772
2774
2777
2778
2780
2782
2784
2786
2788
2789
2790
2795
2796
2797
2798
2803
2804
2805
2806
2807
2808
2810
2811
2812
2816
2817
2820
2821
2822
2823
2825
2826
2828
2830
2831
2834
2835
2840
2841
2843
2844
2847
2849
2850
2851
2853
2854
2856
2857
2858
2859
2860
2861
2862
2864
2865
2866
2867
2868
2869
2871
2872
2874
2876
2879
2886
2888
2889
2892
2893
2899
2900
2902
2903
2906
2908
2909
2910
2912
2914
2918
2920
2921
2924
2926
2930
2932
2934
2938
2939
2940
2941
2943
2945
2947
2948
2953
2957
2960
2962
2964
2966
2969
2970
2971
2972
2975
2976
2977
2979
2984
2985
2987
2989
2990
2993
2994
2995
3001
3003
3004
3005
3006
3010
3012
3016
3019
3020
3022
3023
3024
3025
3027
3030
3034
3035
3040
3041
3042
3044
3045
3047
3049
3050
3052
3053
3054
3055
3061
3062
3063
3066
3070
3072
3073
3074
3079
3080
3081
3084
3085
3086
3089
3090
3092
3094
3095
3096
3097
3102
3103
3105
3114
3115
3116
3118
3119
3120
3121
3122
3123
3124
3125
3126
3127
3128
3129
3130
3131
3132
3134
3135
3136
3137
3138
3139
3140
3142
3143
3145
3146
3147
3148
3150
3152
3153
3154
3155
3156
3157
3158
3159
3160
3161
3162
3163
3164
3165
3166
3167
3168
3169
3170
3171
3172
3173
3174
3176
3177
3178
3180
3181
3182
3183
3184
3185
3186
3187
3188
3189
3190
3192
3193
3194
3195
3197
3198
3199
3200
3201
3203
3205
3206
3207
3208
3209
3210
3211
3213
3214
3215
3216
3217
3219
3220
3221
3222
3224
3225
3227
3229
3231
3232
3233
3234
3235
3236
3239
3240
3241
3242
3243
3244
3245
3246
3247
3248
3249
3250
3251
3252
3253
3254
3255
3257
3258
3259
3261
3262
3263
3264
3265
3266
3267
3269
3271
3272
3273
3274
3276
3277
3278
3279
3280
3281
3282
3283
3284
3285
3286
3287
3289
3290
3291
3292
3293
3294
3295
3296
3297
3299
3300
3301
3302
3303
3304
3305
3306
3307
3308
3309
3310
3311
3312
3313
3314
3315
3316
3318
3319
3320
3321
3322
3325
3326
3327
3328
3329
3330
3331
3332
3333
3334
3335
3336
3337
3338
3340
3341
3342
3343
3344
3345
3346
3347
3348
3349
3350
3351
3352
3353
3354
3355
3356
3357
3358
3359
3360
3361
3362
3363
3364
3365
3366
3367
3368
3369
3371
3372
3374
3376
3379
3382
3384
3386
3387
3390
3391
3392
3393
3395
3396
3397
3398
3399
3400
3401
3402
3403
3405
3406
3408
3409
3410
3411
3412
3413
3414
3415
3416
3418
3420
3421
3422
3423
3424
3425
3426
3427
3428
3430
3431
3432
3433
3434
3435
3436
3437
3438
3439
3440
3441
3442
3444
3445
3446
3447
3449
3450
3451
3453
3454
3456
3457
3458
3460
3461
3462
3463
3464
3466
3469
3470
3471
3472
3476
3478
3479
3482
3483
3484
3485
3486
3487
3488
3489
3490
3491
3492
3493
3494
3495
3500
3504
3505
3506
3509
3510
3511
3512
3513
3515
3518
3519
3520
3522
3523
3525
3527
3529
3531
3532
3533
3534
3535
3536
3537
3540
3543
3544
3545
3546
3547
3548
3549
3550
3551
3552
3553
3554
3557
3559
3560
3561
3562
3563
3564
3565
3567
3568
3569
3570
3572
3573
3575
3576
3579
3581
3582
3583
3585
3586
3587
3588
3589
3590
3591
3592
3593
3594
3595
3596
3597
3598
3599
3600
3601
3602
3603
3605
3606
3607
3608
3609
3610
3611
3613
3614
3617
3619
3620
3622
3625
3626
3627
3628
3630
3631
3632
3633
3634
3635
3636
3637
3638
3639
3640
3642
3643
3644
3645
3646
3647
3648
3649
3650
3652
3653
3656
3659
3660
3662
3663
3666
3668
3669
3671
3674
3675
3676
3677
3678
3679
3680
3682
3684
3686
3687
3688
3690
3692
3693
3694
3695
3696
3698
3699
3701
3702
3703
3704
3706
3707
3708
3709
3710
3711
3712
3713
3714
3715
3716
3717
3719
3720
3721
3722
3723
3724
3726
3727
3728
3730
3731
3732
3733
3734
3735
3738
3739
3740
3741
3744
3745
3748
3749
3750
3754
3755
3756
3757
3758
3759
3760
3763
3764
3765
3767
3768
3770
3771
3773
3774
3775
3777
3778
3779
3780
3781
3782
3783
3784
3785
3786
3787
3788
3789
3790
3791
3792
3793
3794
3797
3798
3800
3801
3802
3804
3805
3807
3808
3812
3813
3814
3815
3816
3817
3818
3819
3820
3821
3822
3823
3825
3827
3828
3830
3833
3834
3836
3837
3839
3840
3841
3842
3843
3844
3845
3846
3847
3852
3855
3856
3857
3858
3861
3863
3866
3867
3868
3869
3870
3871
3872
3874
3875
3876
3877
3878
3879
3880
3881
3882
3883
3886
3887
3888
3889
3892
3893
3894
3895
3897
3901
3903
3905
3906
3907
3908
3909
3910
3911
3912
3915
3916
3917
3918
3919
3920
3921
3923
3924
3925
3926
3927
3928
3929
3931
3933
3934
3935
3936
3937
3941
3942
3943
3944
3949
3951
3952
3954
3955
3956
3957
3958
3959
3960
3961
3962
3963
3964
3967
3968
3970
3972
3975
3976
3977
3978
3979
3980
3981
3983
3984
3986
3987
3988
3989
3990
3991
3992
3994
3995
3996
3997
4000
4001
4002
4003
4004
4006
4008
4009
4010
4011
4013
4014
4015
4016
4018
4020
4021
4025
4026
4027
4028
4029
4030
4031
4032
4033
4034
4036
4038
4040
4041
4042
4043
4044
4045
4046
4050
4051
4052
4054
4055
4056
4057
4058
4059
4061
4062
4063
4064
4065
4067
4068
4069
4070
4071
4072
4073
4074
4075
4076
4079
4080
4081
4082
4083
4084
4085
4086
4087
4090
4091
4092
4094
4095
4096
4097
4098
4099
4100
4101
4103
4104
4105
4106
4107
4108
4109
4110
4111
4113
4114
4115
4116
4117
4118
4119
4120
4122
4123
4124
4125
4126
4127
4128
4129
4130
4132
4133
4135
4137
4138
4139
4140
4141
4144
4146
4147
4148
4151
4152
4153
4155
4156
4157
4159
4160
4163
4164
4165
4166
4168
4170
4175
4178
4179
4180
4181
4187
4189
4190
4191
4192
4194
4196
4198
4199
4200
4201
4203
4210
4212
4213
4214
4215
4216
4219
4223
4225
4231
4232
4234
4237
4239
4242
4243
4245
4246
4249
4250
4252
4253
4254
4255
4256
4257
4258
4261
4262
4263
4264
4265
4266
4267
4270
4271
4272
4273
4275
4277
4278
4280
4282
4283
4288
4289
4290
4291
4293
4294
4296
4298
4299
4300
4303
4304
4305
4307
4308
4311
4312
4313
4315
4316
4317
4319
4320
4321
4322
4323
4325
4328
4329
4333
4334
4335
4336
4337
4338
4339
4340
4343
4345
4346
4349
4350
4351
4352
4353
4354
4355
4356
4359
4361
4362
4363
4364
4365
4366
4367
4368
4369
4370
4371
4372
4373
4374
4375
4376
4377
4378
4380
4381
4382
4383
4384
4385
4387
4388
4389
4390
4391
4392
4393
4394
4395
4396
4397
4398
4399
4400
4401
4402
4403
4404
4405
4406
4407
4408
4409
4411
4413
4414
4415
4416
4417
4418
4419
4420
4421
4422
4423
4424
4425
4426
4427
4429
4430
4431
4432
4433
4434
4436
4437
4438
4439
4440
4441
4442
4443
4444
4445
4446
4448
4449
4451
4452
4453
4454
4455
4456
4457
4458
4459
4461
4463
4464
4465
4466
4467
4469
4470
4471
4472
4475
4476
4477
4478
4479
4480
4481
4482
4483
4484
4485
4487
4488
4489
4490
4491
4493
4494
4495
4496
4497
4498
4499
4500
4501
4502
4503
4505
4506
4507
4508
4509
4510
4511
4512
4513
4515
4516
4517
4518
4519
4520
4521
4522
4523
4524
4525
4526
4527
4529
4530
4531
4532
4533
4534
4535
4536
4538
4542
4543
4559
4560
4562
4563
4566
4568
4571
4572
4576
4579
4580
4581
4582
4583
4586
4587
4589
4591
4592
4593
4597
4598
4600
4601
4602
4604
4606
4608
4610
4612
4613
4615
4619
4623
4625
4626
4627
4628
4631
4634
4638
4640
4642
4645
4647
4648
4650
4651
4652
4653
4657
4658
4659
4660
4661
4667
4668
4670
4671
4673
4678
4679
4680
4681
4682
4685
4686
4688
4691
4692
4693
4696
4697
4699
4700
4701
4703
4704
4705
4707
4708
4709
4710
4711
4713
4714
4715
4716
4717
4718
4719
4720
4721
4723
4724
4725
4727
4728
4729
4730
4731
4732
4734
4737
4738
4739
4740
4742
4743
4744
4745
4746
4747
4748
4749
4750
4751
4753
4754
4755
4756
4757
4758
4759
4760
4761
4762
4763
4764
4765
4766
4767
4771
4772
4773
4774
4775
4776
4777
4778
4779
4780
4782
4783
4784
4785
4786
4788
4789
4790
4791
4792
4793
4794
4795
4796
4797
4799
4800
4801
4802
4803
4804
4805
4806
4807
4808
4809
4810
4811
4812
4813
4814
4815
4818
4821
4822
4823
4824
4825
4827
4828
4829
4832
4835
4836
4838
4839
4840
4841
4842
4843
4844
4845
4846
4848
4849
4850
4852
4854
4855
4856
4857
4858
4859
4860
4861
4862
4864
4865
4867
4868
4869
4870
4871
4872
4873
4874
4876
4878
4879
4881
4884
4885
4886
4887
4888
4890
4891
4892
4896
4897
4898
4900
4901
4902
4903
4904
4905
4907
4908
4910
4911
4912
4913
4914
4915
4916
4917
4918
4919
4920
4921
4922
4923
4924
4925
4926
4927
4930
4931
4933
4934
4935
4937
4938
4939
4940
4943
4945
4946
4947
4948
4949
4956
4959
4961
4965
4966
4968
4971
4977
4978
4979
4980
4983
4984
4986
4987
4990
4993
4995
4996
4997
4999
5001
5002
5003
5004
5005
5006
5008
5009
5012
5014
5018
5022
5023
5024
5025
5027
5028
5030
5033
5035
5036
5037
5038
5039
5042
5045
5046
5050
5054
5057
5061
5062
5063
5065
5066
5067
5070
5071
5072
5089
5105
5108
5109
5110
5114
5117
5119
5120
5121
5123
5125
5126
5128
5131
5134
5136
5139
5141
5147
5149
5151
5156
5159
5162
5164
5165
5168
5169
5170
5175
5176
5178
5179
5180
5181
5183
5185
5187
5189
5191
5192
5194
5195
5196
5197
5198
5200
5201
5205
5206
5207
5209
5210
5211
5212
5213
5214
5216
5217
5218
5219
5222
5223
5233
5234
5235
5236
5237
5238
5239
5241
5242
5243
5244
5245
5246
5247
5248
5249
5250
5253
5256
5257
5258
5259
5263
5265
5266
5267
5269
5270
5271
5272
5273
5274
5275
5276
5277
5278
5279
5283
5284
5285
5286
5287
5288
5289
5290
5291
5293
5294
5295
5298
5299
5300
5301
5304
5305
5307
5308
5309
5310
5311
5312
5313
5314
5315
5316
5319
5320
5321
5323
5325
5327
5331
5333
5334
5335
5336
5337
5338
5339
5340
5342
5344
5348
5349
5351
5352
5355
5356
5357
5358
5362
5364
5365
5366
5367
5368
5369
5371
5372
5373
5374
5375
5377
5378
5380
5381
5382
5383
5384
5385
5387
5388
5390
5391
5392
5394
5397
5398
5399
5400
5401
5402
5403
5404
5405
5406
5408
5410
5411
5412
5413
5414
5415
5416
5417
5418
5419
5421
5422
5425
5426
5428
5433
5434
5435
5438
5439
5442
5443
5444
5445
5446
5447
5449
5450
5452
5453
5455
5456
5457
5460
5461
5462
5463
5464
5465
5466
5467
5469
5470
5471
5474
5476
5478
5480
5482
5483
5484
5485
5486
5487
5488
5489
5490
5491
5492
5494
5495
5496
5498
5499
5500
5501
5502
5503
5504
5505
5506
5507
5508
5509
5510
5511
5512
5514
5515
5516
5517
5518
5519
5520
5521
5522
5523
5524
5525
5527
5530
5531
5532
5533
5534
5535
5536
5537
5538
5539
5540
5541
5543
5544
5545
5546
5547
5549
5550
5551
5552
5553
5554
5555
5556
5557
5558
5559
5560
5561
5562
5563
5564
5565
5566
5567
5568
5569
5571
5572
5574
5575
5576
5577
5578
5579
5581
5582
5583
5584
5585
5586
5587
5589
5590
5591
5593
5594
5595
5596
5597
5598
5599
5600
5601
5602
5603
5604
5605
5606
5607
5608
5610
5611
5614
5615
5616
5617
5619
5620
5621
5622
5623
5624
5625
5626
5627
5628
5629
5630
5631
5632
5633
5634
5636
5637
5638
5639
5640
5641
5642
5643
5644
5645
5646
5647
5648
5649
5650
5651
5652
5653
5655
5656
5657
5658
5659
5660
5661
5662
5663
5664
5667
5668
5669
5670
5671
5672
5673
5674
5675
5677
5678
5679
5681
5682
5683
5684
5685
5686
5687
5688
5689
5690
5692
5693
5694
5695
5698
5699
5700
5702
5703
5705
5706
5707
5708
5710
5712
5713
5714
5715
5716
5717
5718
5720
5721
5722
5723
5724
5725
5726
5727
5728
5731
5732
5733
5734
5735
5736
5737
5738
5739
5740
5741
5743
5744
5745
5746
5747
5748
5749
5750
5751
5752
5753
5754
5756
5757
5758
5759
5761
5762
5763
5764
5765
5766
5767
5768
5769
5770
5771
5773
5774
5781
5783
5785
5786
5789
5794
5795
5798
5799
5802
5805
5807
5816
5817
5821
5822
5825
5826
5832
5835
5837
5838
5839
5840
5842
5843
5848
5850
5852
5853
5863
5864
5867
5868
5871
5873
5874
5875
5878
5880
5882
5883
5886
5887
5891
5893
5895
5896
5903
5904
5906
5907
5909
5916
5917
5918
5922
5926
5929
5931
5932
5933
5935
5937
5940
5941
5945
5946
5947
5948
5953
5954
5956
5958
5960
5963
5964
5966
5970
5973
5974
5975
5976
=======
2
3
5
8
11
12
13
17
18
21
23
24
25
26
29
30
32
34
35
38
42
43
44
45
46
47
48
49
50
51
52
53
54
55
56
57
58
59
61
62
63
64
65
66
67
69
70
71
72
73
74
75
76
78
79
80
81
82
83
84
85
86
89
90
91
92
94
96
97
99
101
102
104
106
107
111
114
116
117
123
125
126
128
131
133
139
140
141
144
149
150
152
154
157
159
161
164
166
167
168
170
172
173
176
177
179
181
182
183
184
185
189
190
191
193
194
196
197
198
199
201
202
204
206
207
209
210
211
214
216
217
219
220
221
222
226
228
229
230
232
233
235
236
238
240
241
242
243
244
245
249
251
253
254
255
256
257
260
261
263
264
273
278
279
281
283
285
288
289
290
294
295
297
299
300
305
306
309
310
312
313
315
317
318
319
320
321
322
323
324
326
327
329
330
332
334
338
340
344
346
347
349
352
353
363
364
365
366
367
369
371
376
379
382
383
387
388
389
390
391
393
394
395
396
398
399
400
401
402
404
405
406
408
409
410
412
413
414
417
418
419
420
422
423
424
426
427
428
429
430
431
437
440
442
443
446
448
449
453
454
455
457
461
464
465
466
468
470
471
475
476
477
480
481
482
483
486
488
489
490
492
495
500
501
502
503
504
505
508
509
512
513
514
515
516
517
518
519
520
521
522
524
525
526
528
529
530
531
532
533
534
535
536
538
539
543
544
546
547
549
550
551
552
553
556
558
560
562
565
568
569
570
572
573
574
575
576
577
578
579
580
583
584
585
587
588
590
591
592
595
597
599
601
602
604
606
608
610
614
615
616
617
619
621
622
623
624
625
628
630
631
632
636
637
638
640
641
642
647
648
649
650
652
653
654
655
656
658
659
660
662
664
666
669
670
671
672
675
676
678
680
681
682
683
684
685
686
687
688
689
690
692
693
696
697
700
701
702
703
704
706
707
709
710
713
715
716
717
718
721
722
726
729
730
731
734
735
738
739
740
743
744
748
750
754
755
758
759
761
762
764
766
768
769
770
771
772
773
775
776
777
778
779
780
781
782
784
786
788
789
791
795
796
798
800
802
803
806
807
808
809
810
812
813
814
817
819
821
822
825
826
827
830
831
832
834
835
837
838
839
840
841
842
843
844
845
846
847
849
850
853
854
855
858
859
860
861
867
869
870
871
872
876
877
878
879
881
884
886
887
888
889
890
891
894
896
898
900
901
902
903
905
906
907
909
912
914
915
916
919
920
921
922
923
924
926
928
930
931
932
933
934
935
936
937
939
940
941
950
951
954
955
956
959
960
961
962
963
964
966
967
968
970
975
979
980
987
989
990
992
994
1002
1003
1004
1005
1006
1007
1008
1009
1010
1011
1014
1015
1016
1017
1018
1019
1021
1022
1023
1024
1025
1027
1030
1031
1033
1035
1040
1042
1045
1046
1049
1050
1051
1052
1055
1056
1057
1058
1059
1063
1064
1065
1066
1067
1068
1070
1071
1072
1073
1074
1075
1076
1077
1078
1079
1081
1085
1086
1087
1088
1089
1090
1091
1092
1093
1094
1095
1096
1097
1098
1099
1101
1102
1103
1104
1105
1106
1107
1108
1109
1110
1111
1112
1113
1114
1115
1116
1117
1118
1119
1120
1121
1122
1123
1124
1126
1127
1128
1129
1130
1131
1132
1133
1134
1135
1136
1137
1139
1141
1142
1143
1144
1145
1146
1147
1149
1150
1151
1152
1154
1155
1157
1158
1159
1160
1161
1162
1164
1165
1166
1167
1168
1169
1171
1172
1173
1174
1175
1176
1177
1179
1180
1181
1182
1185
1186
1187
1188
1189
1190
1191
1192
1193
1194
1195
1196
1197
1199
1200
1201
1202
1204
1206
1207
1208
1209
1210
1211
1212
1214
1215
1216
1217
1218
1220
1221
1222
1223
1225
1226
1227
1228
1230
1232
1233
1235
1236
1237
1240
1241
1242
1244
1245
1246
1247
1248
1249
1250
1252
1253
1254
1256
1258
1260
1261
1262
1264
1265
1266
1267
1268
1269
1270
1271
1273
1274
1276
1277
1278
1279
1280
1281
1282
1283
1288
1289
1291
1295
1298
1299
1300
1301
1302
1303
1304
1305
1306
1307
1308
1310
1311
1313
1314
1315
1318
1319
1320
1322
1324
1325
1326
1327
1329
1330
1331
1332
1333
1334
1335
1336
1337
1338
1339
1341
1343
1347
1348
1353
1354
1356
1359
1362
1364
1367
1370
1371
1372
1373
1374
1375
1376
1377
1379
1380
1381
1382
1384
1385
1386
1388
1389
1390
1392
1393
1396
1398
1400
1401
1402
1403
1404
1405
1406
1407
1408
1409
1410
1411
1413
1414
1416
1417
1418
1419
1420
1421
1423
1424
1426
1427
1428
1429
1430
1431
1432
1433
1434
1435
1437
1438
1439
1441
1444
1445
1446
1447
1449
1451
1452
1453
1455
1457
1459
1460
1462
1463
1465
1471
1473
1475
1476
1477
1478
1479
1481
1482
1485
1486
1487
1488
1489
1490
1491
1493
1495
1496
1497
1498
1501
1503
1504
1506
1508
1509
1510
1512
1513
1514
1515
1516
1517
1518
1519
1521
1522
1523
1524
1525
1526
1527
1528
1529
1530
1531
1533
1534
1535
1536
1544
1545
1548
1550
1552
1555
1559
1560
1561
1562
1563
1564
1565
1568
1569
1570
1571
1574
1575
1576
1579
1580
1581
1582
1583
1584
1585
1587
1590
1592
1595
1597
1599
1600
1601
1602
1603
1604
1605
1606
1607
1610
1612
1614
1616
1617
1618
1621
1623
1624
1626
1630
1631
1632
1633
1634
1635
1636
1638
1642
1643
1644
1645
1646
1647
1648
1651
1652
1653
1654
1655
1656
1657
1658
1659
1660
1661
1662
1663
1664
1665
1666
1667
1668
1669
1671
1672
1673
1674
1676
1678
1679
1680
1682
1683
1684
1685
1686
1687
1688
1689
1690
1691
1692
1694
1695
1697
1698
1700
1701
1703
1704
1705
1706
1708
1710
1711
1712
1713
1714
1715
1716
1718
1719
1720
1721
1722
1723
1724
1726
1727
1728
1729
1731
1732
1734
1735
1736
1737
1738
1739
1741
1742
1743
1744
1745
1746
1747
1748
1750
1751
1752
1754
1755
1756
1757
1758
1759
1760
1761
1762
1763
1764
1766
1767
1770
1771
1772
1773
1774
1775
1776
1777
1778
1779
1780
1781
1783
1784
1785
1786
1787
1788
1789
1790
1792
1794
1795
1798
1799
1800
1801
1802
1803
1804
1805
1807
1808
1809
1810
1811
1812
1814
1815
1816
1817
1818
1819
1821
1822
1823
1824
1825
1826
1827
1828
1829
1830
1831
1833
1834
1836
1837
1838
1839
1841
1842
1843
1844
1846
1847
1848
1849
1851
1852
1853
1855
1856
1858
1859
1860
1861
1862
1865
1866
1868
1869
1870
1873
1874
1875
1876
1877
1878
1880
1881
1883
1884
1885
1886
1887
1888
1889
1891
1892
1893
1894
1895
1896
1897
1898
1900
1901
1902
1903
1904
1905
1906
1907
1908
1909
1910
1911
1914
1915
1917
1918
1919
1920
1921
1922
1923
1924
1925
1927
1928
1930
1933
1934
1935
1936
1937
1938
1939
1940
1942
1943
1944
1946
1949
1951
1952
1953
1954
1955
1956
1957
1958
1959
1960
1961
1963
1965
1966
1969
1971
1972
1974
1975
1976
1977
1979
1980
1981
1984
1985
1986
1987
1990
1992
1993
1994
1996
1997
1998
1999
2000
2001
2002
2003
2005
2006
2007
2008
2009
2011
2012
2013
2014
2015
2017
2018
2019
2020
2022
2023
2024
2025
2026
2027
2028
2029
2032
2033
2034
2035
2036
2037
2038
2039
2040
2041
2042
2043
2044
2045
2046
2047
2048
2049
2051
2052
2054
2055
2056
2057
2058
2059
2060
2062
2063
2064
2065
2066
2067
2068
2069
2070
2071
2072
2073
2074
2075
2076
2077
2079
2081
2082
2083
2084
2086
2088
2089
2093
2094
2095
2096
2098
2099
2100
2101
2102
2103
2104
2105
2109
2110
2111
2112
2113
2114
2115
2116
2117
2118
2119
2120
2121
2122
2123
2125
2126
2127
2128
2129
2130
2132
2133
2134
2135
2137
2138
2140
2141
2143
2144
2146
2147
2148
2150
2151
2152
2153
2154
2155
2156
2157
2158
2159
2161
2162
2163
2164
2165
2166
2167
2168
2169
2171
2172
2173
2175
2177
2178
2179
2180
2183
2184
2185
2186
2187
2188
2189
2190
2191
2192
2194
2195
2196
2198
2199
2200
2201
2202
2204
2205
2206
2207
2208
2209
2211
2212
2213
2214
2215
2216
2217
2218
2219
2220
2221
2222
2223
2226
2227
2229
2230
2232
2233
2234
2235
2236
2237
2238
2239
2240
2242
2243
2244
2245
2246
2247
2248
2249
2250
2252
2253
2254
2255
2256
2257
2258
2259
2260
2261
2263
2264
2265
2266
2267
2268
2269
2270
2271
2272
2273
2274
2276
2277
2279
2280
2281
2282
2284
2285
2286
2287
2288
2289
2290
2291
2293
2294
2295
2296
2297
2298
2299
2300
2301
2302
2303
2305
2306
2307
2310
2311
2312
2313
2314
2316
2317
2318
2319
2320
2321
2322
2323
2324
2325
2326
2327
2328
2329
2330
2331
2332
2333
2334
2335
2336
2337
2338
2339
2340
2341
2342
2343
2344
2345
2346
2347
2348
2349
2350
2351
2352
2353
2354
2355
2357
2358
2359
2361
2362
2363
2364
2365
2366
2367
2368
2372
2373
2374
2375
2376
2377
2378
2379
2380
2381
2382
2383
2384
2385
2386
2387
2388
2391
2393
2394
2395
2396
2397
2398
2399
2400
2401
2402
2403
2404
2405
2406
2408
2409
2410
2411
2412
2413
2414
2415
2417
2419
2420
2422
2423
2424
2425
2426
2428
2431
2433
2434
2435
2436
2437
2441
2442
2445
2446
2449
2450
2451
2452
2453
2454
2456
2457
2458
2459
2460
2462
2464
2465
2467
2468
2469
2470
2471
2473
2474
2475
2476
2477
2478
2479
2480
2482
2483
2484
2486
2487
2488
2489
2490
2491
2492
2495
2496
2497
2498
2500
2502
2503
2504
2506
2515
2522
2528
2530
2531
2532
2533
2534
2535
2536
2539
2540
2541
2542
2543
2544
2545
2547
2548
2549
2550
2551
2552
2553
2554
2555
2557
2558
2559
2560
2561
2562
2564
2565
2567
2568
2569
2570
2571
2572
2573
2574
2575
2577
2579
2581
2582
2585
2586
2587
2588
2589
2590
2591
2592
2593
2594
2595
2596
2597
2598
2601
2602
2605
2608
2609
2610
2611
2612
2614
2615
2616
2617
2619
2621
2622
2623
2624
2625
2626
2628
2630
2631
2633
2634
2636
2637
2638
2639
2640
2641
2643
2645
2646
2647
2648
2649
2650
2651
2652
2653
2655
2656
2657
2658
2659
2660
2661
2662
2663
2664
2665
2666
2667
2668
2669
2670
2673
2674
2675
2676
2678
2679
2680
2681
2682
2683
2684
2685
2686
2687
2688
2689
2690
2691
2692
2693
2694
2695
2696
2697
2698
2699
2700
2701
2702
2703
2705
2707
2708
2709
2710
2712
2713
2715
2716
2719
2720
2721
2722
2724
2725
2727
2728
2730
2731
2732
2733
2734
2735
2736
2737
2738
2740
2741
2742
2744
2745
2746
2748
2749
2750
2752
2754
2755
2757
2758
2761
2763
2764
2765
2766
2767
2770
2771
2772
2774
2777
2778
2780
2782
2784
2786
2788
2789
2790
2795
2796
2797
2798
2803
2804
2805
2806
2807
2808
2810
2811
2812
2816
2817
2820
2821
2822
2823
2825
2826
2828
2830
2831
2834
2835
2840
2841
2843
2844
2847
2849
2850
2851
2853
2854
2856
2857
2858
2859
2860
2861
2862
2864
2865
2866
2867
2868
2869
2871
2872
2874
2876
2879
2886
2888
2889
2892
2893
2899
2900
2902
2903
2906
2908
2909
2910
2912
2914
2918
2920
2921
2924
2926
2930
2932
2934
2938
2939
2940
2941
2943
2945
2947
2948
2953
2957
2960
2962
2964
2966
2969
2970
2971
2972
2975
2976
2977
2979
2984
2985
2987
2989
2990
2993
2994
2995
3001
3003
3004
3005
3006
3010
3012
3016
3019
3020
3022
3023
3024
3025
3027
3030
3034
3035
3040
3041
3042
3044
3045
3047
3049
3050
3052
3053
3054
3055
3061
3062
3063
3066
3070
3072
3073
3074
3079
3080
3081
3084
3085
3086
3089
3090
3092
3094
3095
3096
3097
3102
3103
3105
3114
3115
3116
3118
3119
3120
3121
3122
3123
3124
3125
3126
3127
3128
3129
3130
3131
3132
3134
3135
3136
3137
3138
3139
3140
3142
3143
3145
3146
3147
3148
3150
3152
3153
3154
3155
3156
3157
3158
3159
3160
3161
3162
3163
3164
3165
3166
3167
3168
3169
3170
3171
3172
3173
3174
3176
3177
3178
3180
3181
3182
3183
3184
3185
3186
3187
3188
3189
3190
3192
3193
3194
3195
3197
3198
3199
3200
3201
3203
3205
3206
3207
3208
3209
3210
3211
3213
3214
3215
3216
3217
3219
3220
3221
3222
3224
3225
3227
3229
3231
3232
3233
3234
3235
3236
3239
3240
3241
3242
3243
3244
3245
3246
3247
3248
3249
3250
3251
3252
3253
3254
3255
3257
3258
3259
3261
3262
3263
3264
3265
3266
3267
3269
3271
3272
3273
3274
3276
3277
3278
3279
3280
3281
3282
3283
3284
3285
3286
3287
3289
3290
3291
3292
3293
3294
3295
3296
3297
3299
3300
3301
3302
3303
3304
3305
3306
3307
3308
3309
3310
3311
3312
3313
3314
3315
3316
3318
3319
3320
3321
3322
3325
3326
3327
3328
3329
3330
3331
3332
3333
3334
3335
3336
3337
3338
3340
3341
3342
3343
3344
3345
3346
3347
3348
3349
3350
3351
3352
3353
3354
3355
3356
3357
3358
3359
3360
3361
3362
3363
3364
3365
3366
3367
3368
3369
3371
3372
3374
3376
3379
3382
3384
3386
3387
3390
3391
3392
3393
3395
3396
3397
3398
3399
3400
3401
3402
3403
3405
3406
3408
3409
3410
3411
3412
3413
3414
3415
3416
3418
3420
3421
3422
3423
3424
3425
3426
3427
3428
3430
3431
3432
3433
3434
3435
3436
3437
3438
3439
3440
3441
3442
3444
3445
3446
3447
3449
3450
3451
3453
3454
3456
3457
3458
3460
3461
3462
3463
3464
3466
3469
3470
3471
3472
3476
3478
3479
3482
3483
3484
3485
3486
3487
3488
3489
3490
3491
3492
3493
3494
3495
3500
3504
3505
3506
3509
3510
3511
3512
3513
3515
3518
3519
3520
3522
3523
3525
3527
3529
3531
3532
3533
3534
3535
3536
3537
3540
3543
3544
3545
3546
3547
3548
3549
3550
3551
3552
3553
3554
3557
3559
3560
3561
3562
3563
3564
3565
3567
3568
3569
3570
3572
3573
3575
3576
3579
3581
3582
3583
3585
3586
3587
3588
3589
3590
3591
3592
3593
3594
3595
3596
3597
3598
3599
3600
3601
3602
3603
3605
3606
3607
3608
3609
3610
3611
3613
3614
3617
3619
3620
3622
3625
3626
3627
3628
3630
3631
3632
3633
3634
3635
3636
3637
3638
3639
3640
3642
3643
3644
3645
3646
3647
3648
3649
3650
3652
3653
3656
3659
3660
3662
3663
3666
3668
3669
3671
3674
3675
3676
3677
3678
3679
3680
3682
3684
3686
3687
3688
3690
3692
3693
3694
3695
3696
3698
3699
3701
3702
3703
3704
3706
3707
3708
3709
3710
3711
3712
3713
3714
3715
3716
3717
3719
3720
3721
3722
3723
3724
3726
3727
3728
3730
3731
3732
3733
3734
3735
3738
3739
3740
3741
3744
3745
3748
3749
3750
3754
3755
3756
3757
3758
3759
3760
3763
3764
3765
3767
3768
3770
3771
3773
3774
3775
3777
3778
3779
3780
3781
3782
3783
3784
3785
3786
3787
3788
3789
3790
3791
3792
3793
3794
3797
3798
3800
3801
3802
3804
3805
3807
3808
3812
3813
3814
3815
3816
3817
3818
3819
3820
3821
3822
3823
3825
3827
3828
3830
3833
3834
3836
3837
3839
3840
3841
3842
3843
3844
3845
3846
3847
3852
3855
3856
3857
3858
3861
3863
3866
3867
3868
3869
3870
3871
3872
3874
3875
3876
3877
3878
3879
3880
3881
3882
3883
3886
3887
3888
3889
3892
3893
3894
3895
3897
3901
3903
3905
3906
3907
3908
3909
3910
3911
3912
3915
3916
3917
3918
3919
3920
3921
3923
3924
3925
3926
3927
3928
3929
3931
3933
3934
3935
3936
3937
3941
3942
3943
3944
3949
3951
3952
3954
3955
3956
3957
3958
3959
3960
3961
3962
3963
3964
3967
3968
3970
3972
3975
3976
3977
3978
3979
3980
3981
3983
3984
3986
3987
3988
3989
3990
3991
3992
3994
3995
3996
3997
4000
4001
4002
4003
4004
4006
4008
4009
4010
4011
4013
4014
4015
4016
4018
4020
4021
4025
4026
4027
4028
4029
4030
4031
4032
4033
4034
4036
4038
4040
4041
4042
4043
4044
4045
4046
4050
4051
4052
4054
4055
4056
4057
4058
4059
4061
4062
4063
4064
4065
4067
4068
4069
4070
4071
4072
4073
4074
4075
4076
4079
4080
4081
4082
4083
4084
4085
4086
4087
4090
4091
4092
4094
4095
4096
4097
4098
4099
4100
4101
4103
4104
4105
4106
4107
4108
4109
4110
4111
4113
4114
4115
4116
4117
4118
4119
4120
4122
4123
4124
4125
4126
4127
4128
4129
4130
4132
4133
4135
4137
4138
4139
4140
4141
4144
4146
4147
4148
4151
4152
4153
4155
4156
4157
4159
4160
4163
4164
4165
4166
4168
4170
4175
4178
4179
4180
4181
4187
4189
4190
4191
4192
4194
4196
4198
4199
4200
4201
4203
4210
4212
4213
4214
4215
4216
4219
4223
4225
4231
4232
4234
4237
4239
4242
4243
4245
4246
4249
4250
4252
4253
4254
4255
4256
4257
4258
4261
4262
4263
4264
4265
4266
4267
4270
4271
4272
4273
4275
4277
4278
4280
4282
4283
4288
4289
4290
4291
4293
4294
4296
4298
4299
4300
4303
4304
4305
4307
4308
4311
4312
4313
4315
4316
4317
4319
4320
4321
4322
4323
4325
4328
4329
4333
4334
4335
4336
4337
4338
4339
4340
4343
4345
4346
4349
4350
4351
4352
4353
4354
4355
4356
4359
4361
4362
4363
4364
4365
4366
4367
4368
4369
4370
4371
4372
4373
4374
4375
4376
4377
4378
4380
4381
4382
4383
4384
4385
4387
4388
4389
4390
4391
4392
4393
4394
4395
4396
4397
4398
4399
4400
4401
4402
4403
4404
4405
4406
4407
4408
4409
4411
4413
4414
4415
4416
4417
4418
4419
4420
4421
4422
4423
4424
4425
4426
4427
4429
4430
4431
4432
4433
4434
4436
4437
4438
4439
4440
4441
4442
4443
4444
4445
4446
4448
4449
4451
4452
4453
4454
4455
4456
4457
4458
4459
4461
4463
4464
4465
4466
4467
4469
4470
4471
4472
4475
4476
4477
4478
4479
4480
4481
4482
4483
4484
4485
4487
4488
4489
4490
4491
4493
4494
4495
4496
4497
4498
4499
4500
4501
4502
4503
4505
4506
4507
4508
4509
4510
4511
4512
4513
4515
4516
4517
4518
4519
4520
4521
4522
4523
4524
4525
4526
4527
4529
4530
4531
4532
4533
4534
4535
4536
4538
4542
4543
4559
4560
4562
4563
4566
4568
4571
4572
4576
4579
4580
4581
4582
4583
4586
4587
4589
4591
4592
4593
4597
4598
4600
4601
4602
4604
4606
4608
4610
4612
4613
4615
4619
4623
4625
4626
4627
4628
4631
4634
4638
4640
4642
4645
4647
4648
4650
4651
4652
4653
4657
4658
4659
4660
4661
4667
4668
4670
4671
4673
4678
4679
4680
4681
4682
4685
4686
4688
4691
4692
4693
4696
4697
4699
4700
4701
4703
4704
4705
4707
4708
4709
4710
4711
4713
4714
4715
4716
4717
4718
4719
4720
4721
4723
4724
4725
4727
4728
4729
4730
4731
4732
4734
4737
4738
4739
4740
4742
4743
4744
4745
4746
4747
4748
4749
4750
4751
4753
4754
4755
4756
4757
4758
4759
4760
4761
4762
4763
4764
4765
4766
4767
4771
4772
4773
4774
4775
4776
4777
4778
4779
4780
4782
4783
4784
4785
4786
4788
4789
4790
4791
4792
4793
4794
4795
4796
4797
4799
4800
4801
4802
4803
4804
4805
4806
4807
4808
4809
4810
4811
4812
4813
4814
4815
4818
4821
4822
4823
4824
4825
4827
4828
4829
4832
4835
4836
4838
4839
4840
4841
4842
4843
4844
4845
4846
4848
4849
4850
4852
4854
4855
4856
4857
4858
4859
4860
4861
4862
4864
4865
4867
4868
4869
4870
4871
4872
4873
4874
4876
4878
4879
4881
4884
4885
4886
4887
4888
4890
4891
4892
4896
4897
4898
4900
4901
4902
4903
4904
4905
4907
4908
4910
4911
4912
4913
4914
4915
4916
4917
4918
4919
4920
4921
4922
4923
4924
4925
4926
4927
4930
4931
4933
4934
4935
4937
4938
4939
4940
4943
4945
4946
4947
4948
4949
4956
4959
4961
4965
4966
4968
4971
4977
4978
4979
4980
4983
4984
4986
4987
4990
4993
4995
4996
4997
4999
5001
5002
5003
5004
5005
5006
5008
5009
5012
5014
5018
5022
5023
5024
5025
5027
5028
5030
5033
5035
5036
5037
5038
5039
5042
5045
5046
5050
5054
5057
5061
5062
5063
5065
5066
5067
5070
5071
5072
5089
5105
5108
5109
5110
5114
5117
5119
5120
5121
5123
5125
5126
5128
5131
5134
5136
5139
5141
5147
5149
5151
5156
5159
5162
5164
5165
5168
5169
5170
5175
5176
5178
5179
5180
5181
5183
5185
5187
5189
5191
5192
5194
5195
5196
5197
5198
5200
5201
5205
5206
5207
5209
5210
5211
5212
5213
5214
5216
5217
5218
5219
5222
5223
5233
5234
5235
5236
5237
5238
5239
5241
5242
5243
5244
5245
5246
5247
5248
5249
5250
5253
5256
5257
5258
5259
5263
5265
5266
5267
5269
5270
5271
5272
5273
5274
5275
5276
5277
5278
5279
5283
5284
5285
5286
5287
5288
5289
5290
5291
5293
5294
5295
5298
5299
5300
5301
5304
5305
5307
5308
5309
5310
5311
5312
5313
5314
5315
5316
5319
5320
5321
5323
5325
5327
5331
5333
5334
5335
5336
5337
5338
5339
5340
5342
5344
5348
5349
5351
5352
5355
5356
5357
5358
5362
5364
5365
5366
5367
5368
5369
5371
5372
5373
5374
5375
5377
5378
5380
5381
5382
5383
5384
5385
5387
5388
5390
5391
5392
5394
5397
5398
5399
5400
5401
5402
5403
5404
5405
5406
5408
5410
5411
5412
5413
5414
5415
5416
5417
5418
5419
5421
5422
5425
5426
5428
5433
5434
5435
5438
5439
5442
5443
5444
5445
5446
5447
5449
5450
5452
5453
5455
5456
5457
5460
5461
5462
5463
5464
5465
5466
5467
5469
5470
5471
5474
5476
5478
5480
5482
5483
5484
5485
5486
5487
5488
5489
5490
5491
5492
5494
5495
5496
5498
5499
5500
5501
5502
5503
5504
5505
5506
5507
5508
5509
5510
5511
5512
5514
5515
5516
5517
5518
5519
5520
5521
5522
5523
5524
5525
5527
5530
5531
5532
5533
5534
5535
5536
5537
5538
5539
5540
5541
5543
5544
5545
5546
5547
5549
5550
5551
5552
5553
5554
5555
5556
5557
5558
5559
5560
5561
5562
5563
5564
5565
5566
5567
5568
5569
5571
5572
5574
5575
5576
5577
5578
5579
5581
5582
5583
5584
5585
5586
5587
5589
5590
5591
5593
5594
5595
5596
5597
5598
5599
5600
5601
5602
5603
5604
5605
5606
5607
5608
5610
5611
5614
5615
5616
5617
5619
5620
5621
5622
5623
5624
5625
5626
5627
5628
5629
5630
5631
5632
5633
5634
5636
5637
5638
5639
5640
5641
5642
5643
5644
5645
5646
5647
5648
5649
5650
5651
5652
5653
5655
5656
5657
5658
5659
5660
5661
5662
5663
5664
5667
5668
5669
5670
5671
5672
5673
5674
5675
5677
5678
5679
5681
5682
5683
5684
5685
5686
5687
5688
5689
5690
5692
5693
5694
5695
5698
5699
5700
5702
5703
5705
5706
5707
5708
5710
5712
5713
5714
5715
5716
5717
5718
5720
5721
5722
5723
5724
5725
5726
5727
5728
5731
5732
5733
5734
5735
5736
5737
5738
5739
5740
5741
5743
5744
5745
5746
5747
5748
5749
5750
5751
5752
5753
5754
5756
5757
5758
5759
5761
5762
5763
5764
5765
5766
5767
5768
5769
5770
5771
5773
5774
5781
5783
5785
5786
5789
5794
5795
5798
5799
5802
5805
5807
5816
5817
5821
5822
5825
5826
5832
5835
5837
5838
5839
5840
5842
5843
5848
5850
5852
5853
5863
5864
5867
5868
5871
5873
5874
5875
5878
5880
5882
5883
5886
5887
5891
5893
5895
5896
5903
5904
5906
5907
5909
5916
5917
5918
5922
5926
5929
5931
5932
5933
5935
5937
5940
5941
5945
5946
5947
5948
5953
5954
5956
5958
5960
5963
5964
5966
5970
5973
5974
5975
5976
>>>>>>> 001be03 (first commit)
5978